[0.0, 3.076388917825296],
 [0.010101010101010102, 3.1905264540402247],
 [0.020202020202020204, 3.144263263606855],
 [0.030303030303030304, 3.139102843099161],
 [0.04040404040404041, 3.3059676468122565],
 [0.05050505050505051, 3.0309502570125177],
 [0.06060606060606061, 3.207692305475804],
 [0.07070707070707072, 3.124344647659977],
 [0.08080808080808081, 3.1947164294914394],
 [0.09090909090909091, 3.181547741504305],
 [0.10101010101010102, 3.095274082847825],
 [0.11111111111111112, 3.126776839206521],
 [0.12121212121212122, 3.0384316764358257],
 [0.13131313131313133, 3.072547670992773],
 [0.14141414141414144, 2.965296742989788],
 [0.15151515151515152, 2.9858564846425613],
 [0.16161616161616163, 2.965730231620418],
 [0.17171717171717174, 3.018686297715303],
 [0.18181818181818182, 3.1182373591594583],
 [0.19191919191919193, 3.066672262234321],
 [0.20202020202020204, 3.13620152647637],
 [0.21212121212121213, 3.0238121862362126],
 [0.22222222222222224, 3.2248269672858956],
 [0.23232323232323235, 3.2612953344378726],
 [0.24242424242424243, 3.153953348820672],
 [0.25252525252525254, 3.2746867683535084],
 [0.26262626262626265, 3.302217760115168],
 [0.27272727272727276, 3.2535106326061074],
 [0.2828282828282829, 3.2584360850793965],
 [0.29292929292929293, 3.2214665333317556],
 [0.30303030303030304, 3.172899520010042],
 [0.31313131313131315, 3.1168592902814956],
 [0.32323232323232326, 3.238473931811736],
 [0.33333333333333337, 3.22336692416289],
 [0.3434343434343435, 3.083628317754405],
 [0.3535353535353536, 3.0435356676698935],
 [0.36363636363636365, 3.1413177896429234],
 [0.37373737373737376, 3.1940661754899673],
 [0.38383838383838387, 3.0951256814255026],
 [0.393939393939394, 3.2616464624621697],
 [0.4040404040404041, 3.207142501021312],
 [0.4141414141414142, 3.3690487131522078],
 [0.42424242424242425, 3.2832883566728155],
 [0.43434343434343436, 3.4533892402665227],
 [0.4444444444444445, 3.2910708168290026],
 [0.4545454545454546, 3.4781709931300013],
 [0.4646464646464647, 3.346812743345303],
 [0.4747474747474748, 3.4946272165281997],
 [0.48484848484848486, 3.465746734459377],
 [0.494949494949495, 3.454346608184538],
 [0.5050505050505051, 3.4085173322123574],
 [0.5151515151515152, 3.44502010839247],
 [0.5252525252525253, 3.397414970238834],
 [0.5353535353535354, 3.3446402827239434],
 [0.5454545454545455, 3.3617474360432222],
 [0.5555555555555556, 3.3451942372557313],
 [0.5656565656565657, 3.283991028461202],
 [0.5757575757575758, 3.39938272927642],
 [0.5858585858585859, 3.388790367716488],
 [0.595959595959596, 3.4226250284217183],
 [0.6060606060606061, 3.337080138109475],
 [0.6161616161616162, 3.454456268268763],
 [0.6262626262626263, 3.486332525286157],
 [0.6363636363636365, 3.461381148669519],
 [0.6464646464646465, 3.479353928162463],
 [0.6565656565656566, 3.5463331344418942],
 [0.6666666666666667, 3.5434597449793777],
 [0.6767676767676768, 3.6379674145031573],
 [0.686868686868687, 3.6255553569214927],
 [0.696969696969697, 3.6517257986949714],
 [0.7070707070707072, 3.6052634986601935],
 [0.7171717171717172, 3.4671134703192643],
 [0.7272727272727273, 3.50162609382573],
 [0.7373737373737375, 3.52796192196607],
 [0.7474747474747475, 3.420618473544011],
 [0.7575757575757577, 3.520340792077002],
 [0.7676767676767677, 3.4395446099604725],
 [0.7777777777777778, 3.3672219767874307],
 [0.787878787878788, 3.403260333197827],
 [0.797979797979798, 3.4948778212326075],
 [0.8080808080808082, 3.5939651015476732],
 [0.8181818181818182, 3.4576177192713105],
 [0.8282828282828284, 3.533452649380363],
 [0.8383838383838385, 3.5545815083539507],
 [0.8484848484848485, 3.5771511606879236],
 [0.8585858585858587, 3.663743609202947],
 [0.8686868686868687, 3.653478110569072],
 [0.8787878787878789, 3.5314923986724662],
 [0.888888888888889, 3.612253357917801],
 [0.8989898989898991, 3.5936603199698216],
 [0.9090909090909092, 3.722678290368139],
 [0.9191919191919192, 3.619892959559058],
 [0.9292929292929294, 3.628741092103358],
 [0.9393939393939394, 3.6528327985545364],
 [0.9494949494949496, 3.5001418832767954],
 [0.9595959595959597, 3.610051310883522],
 [0.9696969696969697, 3.6046331460708325],
 [0.9797979797979799, 3.559268374910034],
 [0.98989898989899, 3.643815232454997],
 [1.0, 3.574151769177615]
